

## 11장 주성분 분석과 인자 분석

### 11.1 다변량 데이터

```
> atest = read.csv("atest2015.csv", fileEncoding="UTF-8")
> names(atest)
 [1] ""도도부현" "초등국어A" "초등국어B" "초등수학A" "초등수학B" "초등과학"
 [7] "중학국어A" "중학국어B" "중학수학A" "중학수학B" "중학과학"
> head(atest)
    도도부현 초등국어A 초등국어B 초등수학A 초등수학B 초등과학 중학국어A
1 홋카이도현      68.1      63.0      72.3      42.5     59.3      75.8
2 아오모리현      75.1      69.8      78.5      47.4     66.3      76.0
...
```

```
> chu = atest[ ,7:11]
> row.names(chu) = atest[ ,1]
> head(chu)
           중학국어A 중학국어B 중학수학A 중학수학B 중학과학
홋카이도현      75.8      65.7      63.0      39.7     53.3
아오모리현      76.0      64.8      64.4      39.8     53.8
...
```

```
> cor(chu)
          중학국어A 중학국어B 중학수학A 중학수학B  중학과학
중학국어A 1.0000000 0.9062628 0.8307854 0.8446749 0.8674915
중학국어B 0.9062628 1.0000000 0.7831577 0.8951718 0.9013279
중학수학A 0.8307854 0.7831577 1.0000000 0.9325483 0.8012841
중학수학B 0.8446749 0.8951718 0.9325483 1.0000000 0.8394486
중학과학  0.8674915 0.9013279 0.8012841 0.8394486 1.0000
```

### 11.2 주성분 분석

```
> r = prcomp(chu)
```

```
> chu[24,3]  # 미에현 중학수학A
[1] 64.3
> r$x[24,] %*% r$rotation[3,] + r$center[3]
     [,1]
[1,] 64.3
```

```
> par(xpd=TRUE)  # 영역에서 벗어난 문자가 지워지지 않게 하는 코드
> biplot(prcomp(chu))
```

```
> biplot(prcomp(chu, scale=TRUE))
```

### 11.3 예: 나카노-니시지마-겔만 법칙

```
> Q = c(1, 0, 0, 1, 0, -1, 0, -1, -1)
> I3 = c(0.5, -0.5, 0, 1, 0, -1, 0.5, -0.5, 0)
> Y = c(1, 1, 0, 0, 0, 0, -1, -1, -2)
> prcomp(data.frame(Q, I3, Y))
Standard deviations:
[1] 1.154360e+00 7.733106e-01 1.401779e-16

Rotation:
          PC1        PC2        PC3
Q  -0.6161760 -0.4193838  0.6666667
I3 -0.2413105 -0.7052126 -0.6666667
Y  -0.7497309  0.5716576 -0.3333333
```

### 11.4 인자 분석

```
> f = factanal(chu, factors=2)
> plot(NULL, xlim=c(0,1), ylim=c(0,1), xlab="인자1", ylab="인자2")
> text(f$loadings, names(chu))
> points(0, 0, pch=4)    # 원점(0,0)에 x표시를 표시한다
```

```
> f = factanal(chu, factors=2, scores="regression")
> biplot(f$scores, f$loadings)
```

```
> x = matrix(c(1,sqrt(3)/4,1/4,0, sqrt(3)/4,1,sqrt(3)/4,1/4,
               1/4,sqrt(3)/4,1,sqrt(3)/4, 0,1/4,sqrt(3)/4,1), nrow=4)
> factanal(covmat=x, factors=2)
Error in factanal(covmat = x, factors = 2) :
  2 factors are too many for 4 variables
```
